台東:"226,346,214,351,207,368,203,388,195,409,203,423,202,435,190,444,181,459,187,482,190,499,192,511,204,517,201,497,208,480,219,463,223,451,238,440,248,427,247,418,257,414,266,401,272,380,280,370,285,349,292,336,291,323,283,337,271,367,261,370,250,357,238,355"
花蓮:"333,183,318,206,314,228,309,250,304,269,300,294,293,318,280,331,271,355,268,366,249,365,261,373,238,357,232,341,224,332,229,320,236,312,248,300,259,291,257,275,258,264,263,250,265,233,269,217,265,207,274,197,283,187,290,177,304,179,312,180,318,173,327,178"
宜蘭:"355,76,347,80,335,88,331,97,324,96,315,100,311,109,308,114,296,120,288,125,282,139,275,153,272,164,279,170,289,169,295,172,305,175,313,175,323,171,332,177,335,171,344,160,347,154,349,146,345,133,343,120,344,109,343,99,345,86"
屏東:"202,416,210,435,196,440,189,448,186,460,189,478,191,498,194,510,204,512,205,530,204,549,199,564,186,560,180,553,180,544,174,528,173,517,168,503,165,495,150,482,141,475,138,468,139,456,141,445,144,432,145,423,155,418,170,410,178,413,185,413,191,417"
高雄:"135,474,116,450,116,442,110,427,106,416,103,406,118,407,129,405,138,401,148,389,158,382,163,372,173,357,173,346,182,345,192,332,203,326,211,322,224,320,224,332,227,342,214,348,209,359,206,381,199,397,202,413,196,413,183,413,171,406,160,415,144,416,139,450"
嘉義:"97,307,107,310,114,303,129,295,138,290,146,290,153,295,167,299,174,300,182,299,192,302,195,312,209,320,200,327,186,338,172,346,170,352,158,353,152,340,146,331,129,327,107,335,103,344,95,339,95,319"
南投:"200,313,213,316,223,316,229,322,236,312,245,307,254,299,259,287,257,274,257,265,261,247,262,231,270,217,266,206,278,195,269,193,245,200,227,205,212,214,199,217,197,224,193,229,184,235,176,232,169,234,168,246,167,253,175,266,171,278,169,290,177,291,186,291,199,301,194,307"
台中:"147,200,153,211,162,219,166,227,174,228,184,229,195,225,199,218,206,217,217,211,228,207,241,202,250,199,260,197,273,194,282,183,286,176,278,173,264,162,254,171,248,171,240,179,232,180,225,183,221,177,211,175,211,185,201,183,187,179,178,172,173,164,169,159,163,169,154,181,151,191"
苗栗:"262,162,252,150,234,152,232,140,217,123,204,119,200,124,195,130,187,132,181,137,178,148,173,158,171,168,176,172,187,178,199,181,207,184,206,178,214,177,230,180,225,186,243,173,250,167"
新竹縣:"222,80,234,84,239,88,251,100,259,107,265,120,271,126,275,136,277,150,271,155,263,159,257,153,247,151,234,151,232,143,234,137,219,128,214,118,216,111,222,106,222,97,216,94"
新竹市:"213,98,224,102,226,110,217,109,212,115,210,109"
桃園:"223,78,231,68,243,59,256,53,264,53,277,60,279,70,273,74,268,83,273,95,281,97,286,111,290,121,286,131,275,131,280,136,269,119,266,111,256,102,248,96,245,90,235,86"
新北:"264,52,280,68,270,79,272,95,284,99,292,118,286,114,302,120,308,114,311,105,318,100,326,99,331,94,338,87,346,84,347,77,354,74,364,69,353,52,344,52,335,60,328,64,319,57,315,52,322,45,316,37,307,29,296,27,288,37,282,48"
基隆:"327,42,315,49,321,59,331,60,334,54,340,51"